# r_bins corr_mean corr_std corr_sem
2.240702373278582321e-02 0.000000000000000000e+00 0.000000000000000000e+00
6.722107119835746269e-02 0.000000000000000000e+00 0.000000000000000000e+00
1.120351186639291091e-01 0.000000000000000000e+00 0.000000000000000000e+00
1.568491661295007555e-01 0.000000000000000000e+00 0.000000000000000000e+00
2.016632135950724158e-01 0.000000000000000000e+00 0.000000000000000000e+00
2.464772610606440484e-01 0.000000000000000000e+00 0.000000000000000000e+00
2.912913085262156532e-01 0.000000000000000000e+00 0.000000000000000000e+00
3.361053559917873690e-01 0.000000000000000000e+00 0.000000000000000000e+00
3.809194034573589738e-01 0.000000000000000000e+00 0.000000000000000000e+00
4.257334509229306896e-01 0.000000000000000000e+00 0.000000000000000000e+00
4.705474983885022944e-01 0.000000000000000000e+00 0.000000000000000000e+00
5.153615458540738992e-01 0.000000000000000000e+00 0.000000000000000000e+00
5.601755933196455040e-01 0.000000000000000000e+00 0.000000000000000000e+00
6.049896407852172198e-01 0.000000000000000000e+00 0.000000000000000000e+00
6.498036882507889356e-01 0.000000000000000000e+00 0.000000000000000000e+00
6.946177357163605404e-01 0.000000000000000000e+00 0.000000000000000000e+00
7.394317831819321452e-01 0.000000000000000000e+00 0.000000000000000000e+00
7.842458306475037499e-01 0.000000000000000000e+00 0.000000000000000000e+00
8.290598781130754658e-01 0.000000000000000000e+00 0.000000000000000000e+00
8.738739255786471816e-01 0.000000000000000000e+00 0.000000000000000000e+00
9.186879730442187864e-01 6.554429130326354380e-02 0.000000000000000000e+00
9.635020205097903911e-01 2.115407439517525301e+00 6.320361741360468188e-02
1.008316067975361996e+00 8.134273123593832366e+00 1.923678824654412658e-02
1.053130115440933601e+00 1.194572155117621293e+01 2.645167238518676966e-01
1.097944162906505206e+00 6.975157417525814196e+00 1.946913595964269994e-01
1.142758210372077032e+00 2.118030635924375460e+00 5.990695301691918023e-02
1.187572257837648637e+00 6.471944591431004756e-01 4.160323552785875900e-02
1.232386305303220242e+00 1.274809381430582200e-01 1.287751940471131874e-02
1.277200352768791847e+00 1.695597932914527997e-02 1.198968796529755430e-02
1.322014400234363674e+00 3.165181088215628102e-02 2.238121011160686472e-02
1.366828447699935278e+00 4.293494566974999094e-01 1.046882456308835009e-02
1.411642495165506883e+00 1.041004853370994132e+00 9.814687880889860078e-03
1.456456542631078488e+00 1.786349544883750085e+00 8.297999190373155087e-02
1.501270590096650093e+00 2.356265438484173913e+00 1.041332043642284044e-01
1.546084637562221697e+00 1.608382016554217309e+00 4.090999390805682284e-02
1.590898685027793524e+00 6.775597230915226810e-01 4.636520079260273569e-02
1.635712732493365129e+00 1.240532411493180942e-01 1.461981467414214669e-02
1.680526779958936734e+00 3.525758517785153034e-01 0.000000000000000000e+00
1.725340827424508339e+00 1.328700740120796420e+00 8.541211850063627764e-02
1.770154874890080166e+00 4.184048873953898351e+00 2.496682980243642228e-02
1.814968922355651770e+00 6.431782085008541650e+00 1.424947277521783073e-01
1.859782969821223375e+00 5.373851710951385030e+00 0.000000000000000000e+00
1.904597017286794980e+00 2.828841717340595974e+00 5.930788348675019445e-02
1.949411064752366585e+00 8.078989865614512045e-01 5.146584251453544673e-03
1.994225112217938189e+00 4.798899636393281209e-01 3.442513235636435187e-02
2.039039159683509794e+00 1.397040832807938004e+00 9.408162347361850517e-03
2.083853207149081399e+00 2.095572017630859207e+00 4.954323715941372219e-02
2.128667254614653004e+00 2.252432294083659414e+00 3.884658900756418620e-02
2.173481302080224609e+00 1.346656889498394793e+00 4.968157661717731433e-02
2.218295349545796658e+00 8.712321610306004160e-01 4.371997328760013346e-02
