# r_bins corr_mean corr_std
2.564963920015045015e-02 0.000000000000000000e+00 0.000000000000000000e+00
7.694891760045134699e-02 0.000000000000000000e+00 0.000000000000000000e+00
1.282481960007522404e-01 0.000000000000000000e+00 0.000000000000000000e+00
1.795474744010531476e-01 0.000000000000000000e+00 0.000000000000000000e+00
2.308467528013540271e-01 0.000000000000000000e+00 0.000000000000000000e+00
2.821460312016549343e-01 0.000000000000000000e+00 0.000000000000000000e+00
3.334453096019558416e-01 0.000000000000000000e+00 0.000000000000000000e+00
3.847445880022567488e-01 0.000000000000000000e+00 0.000000000000000000e+00
4.360438664025576561e-01 0.000000000000000000e+00 0.000000000000000000e+00
4.873431448028585633e-01 0.000000000000000000e+00 0.000000000000000000e+00
5.386424232031594705e-01 0.000000000000000000e+00 0.000000000000000000e+00
5.899417016034602668e-01 0.000000000000000000e+00 0.000000000000000000e+00
6.412409800037612850e-01 0.000000000000000000e+00 0.000000000000000000e+00
6.925402584040620813e-01 0.000000000000000000e+00 0.000000000000000000e+00
7.438395368043630995e-01 0.000000000000000000e+00 0.000000000000000000e+00
7.951388152046638957e-01 0.000000000000000000e+00 0.000000000000000000e+00
8.464380936049649140e-01 0.000000000000000000e+00 0.000000000000000000e+00
8.977373720052657102e-01 2.698284579937617125e-02 4.121697778032084453e-02
9.490366504055667285e-01 6.840975940735433136e-01 1.537607786299331480e-01
1.000335928805867525e+00 3.013468818619788880e+00 4.479528594618898962e-01
1.051635207206168321e+00 4.804396552529219377e+00 3.303978438963849906e-01
1.102934485606469339e+00 5.112731220017003864e+00 3.986673902963775995e-01
1.154233764006770357e+00 4.200440703287248390e+00 3.783734927921806324e-01
1.205533042407071154e+00 3.551295926696225624e+00 4.635143525127140562e-01
1.256832320807371950e+00 2.716640257352158194e+00 2.666316157100586115e-01
1.308131599207672968e+00 2.122266697196224960e+00 2.628065522689645994e-01
1.359430877607973986e+00 1.957272940075194256e+00 2.108262175821712381e-01
1.410730156008274783e+00 1.511559695124832903e+00 1.686905890463714086e-01
1.462029434408575579e+00 1.478561397501468200e+00 1.737139875389768218e-01
1.513328712808876597e+00 1.405340403167738561e+00 2.382101071811704440e-01
1.564627991209177615e+00 1.240671878318982291e+00 1.552495268855277610e-01
1.615927269609478412e+00 1.274189940526096798e+00 1.658420893436285126e-01
1.667226548009779208e+00 1.444726493234448572e+00 1.722734071662656574e-01
1.718525826410080004e+00 1.551208080335415129e+00 1.782811281050419583e-01
1.769825104810381022e+00 1.719464515539256499e+00 1.124481714181485292e-01
1.821124383210682041e+00 1.741984191303044494e+00 1.828798794814243678e-01
1.872423661610982837e+00 2.098567329442631468e+00 2.315752801133168504e-01
1.923722940011283633e+00 2.135042657992120674e+00 1.909157954572797689e-01
1.975022218411584651e+00 2.445552690907646376e+00 2.458610813686673002e-01
2.026321496811885225e+00 2.370961028573876472e+00 2.039119111076004576e-01
2.077620775212186466e+00 2.492105643381899771e+00 1.444993031628658553e-01
2.128920053612487706e+00 2.482207695058495922e+00 1.687761251258660666e-01
2.180219332012788058e+00 2.272223266219670634e+00 1.555182654187065028e-01
2.231518610413089299e+00 2.164587014444824487e+00 1.856255293444969423e-01
2.282817888813390095e+00 2.243659453189089881e+00 2.137822836647790825e-01
2.334117167213690891e+00 1.979806437350677628e+00 1.780903255094081761e-01
2.385416445613992131e+00 1.941429638218497900e+00 1.714998383815182215e-01
2.436715724014292483e+00 1.862987360851850571e+00 1.572171862789384367e-01
2.488015002414593724e+00 1.900542723179037718e+00 1.164017652694500082e-01
2.539314280814894520e+00 1.671641578648391135e+00 1.170487738212050294e-01
