# r_bins corr_mean corr_std corr_sem
2.240702373278582321e-02 0.000000000000000000e+00 0.000000000000000000e+00
6.722107119835746269e-02 0.000000000000000000e+00 0.000000000000000000e+00
1.120351186639291091e-01 0.000000000000000000e+00 0.000000000000000000e+00
1.568491661295007555e-01 0.000000000000000000e+00 0.000000000000000000e+00
2.016632135950724158e-01 0.000000000000000000e+00 0.000000000000000000e+00
2.464772610606440484e-01 0.000000000000000000e+00 0.000000000000000000e+00
2.912913085262156532e-01 0.000000000000000000e+00 0.000000000000000000e+00
3.361053559917873690e-01 0.000000000000000000e+00 0.000000000000000000e+00
3.809194034573589738e-01 0.000000000000000000e+00 0.000000000000000000e+00
4.257334509229306896e-01 0.000000000000000000e+00 0.000000000000000000e+00
4.705474983885022944e-01 0.000000000000000000e+00 0.000000000000000000e+00
5.153615458540738992e-01 0.000000000000000000e+00 0.000000000000000000e+00
5.601755933196455040e-01 0.000000000000000000e+00 0.000000000000000000e+00
6.049896407852172198e-01 0.000000000000000000e+00 0.000000000000000000e+00
6.498036882507889356e-01 0.000000000000000000e+00 0.000000000000000000e+00
6.946177357163605404e-01 0.000000000000000000e+00 0.000000000000000000e+00
7.394317831819321452e-01 0.000000000000000000e+00 0.000000000000000000e+00
7.842458306475037499e-01 0.000000000000000000e+00 0.000000000000000000e+00
8.290598781130754658e-01 0.000000000000000000e+00 0.000000000000000000e+00
8.738739255786471816e-01 0.000000000000000000e+00 0.000000000000000000e+00
9.186879730442187864e-01 0.000000000000000000e+00 0.000000000000000000e+00
9.635020205097903911e-01 8.044507164362419971e-01 2.106787247120160342e-02
1.008316067975361996e+00 8.433527318776212311e+00 3.847357649308825317e-02
1.053130115440933601e+00 1.356674848400805899e+01 3.174200686222413692e-01
1.097944162906505206e+00 7.411104756121178028e+00 3.407098792937470755e-01
1.142758210372077032e+00 1.715604815098743963e+00 4.493021476268938691e-02
1.187572257837648637e+00 2.157314863810335104e-01 1.386774517595292314e-02
1.232386305303220242e+00 0.000000000000000000e+00 0.000000000000000000e+00
1.277200352768791847e+00 0.000000000000000000e+00 0.000000000000000000e+00
1.322014400234363674e+00 1.582590544107814051e-02 1.119060505580343236e-02
1.366828447699935278e+00 2.516876125468102687e-01 1.046882456308833968e-02
1.411642495165506883e+00 8.605640121200217596e-01 3.925875152355932235e-02
1.456456542631078488e+00 2.138403834751350097e+00 0.000000000000000000e+00
1.501270590096650093e+00 2.675343049945572815e+00 1.214887384249330460e-01
1.546084637562221697e+00 1.492671080111467763e+00 5.727399147127956724e-02
1.590898685027793524e+00 4.808488357423710280e-01 1.545506693086761210e-02
1.635712732493365129e+00 1.343910112450946159e-01 3.654953668535536326e-02
1.680526779958936734e+00 9.793773660514314139e-02 1.385048753751173638e-02
1.725340827424508339e+00 9.291613567278297348e-01 5.256130369269929048e-02
1.770154874890080166e+00 3.760347722161099249e+00 2.496682980243657840e-02
1.814968922355651770e+00 7.573717285480030981e+00 2.493657735663118991e-01
1.859782969821223375e+00 6.141544812515869367e+00 1.244010620385450766e-01
1.904597017286794980e+00 2.439971292584880658e+00 0.000000000000000000e+00
1.949411064752366585e+00 4.658156318912871630e-01 4.117267401162819779e-02
1.994225112217938189e+00 2.086478102779687482e-01 9.835752101818391949e-03
2.039039159683509794e+00 9.912337337542035387e-01 3.292856821576647941e-02
2.083853207149081399e+00 2.477743206256548092e+00 1.351179195256729283e-02
2.128667254614653004e+00 2.740764498763043733e+00 1.597026436977632968e-01
2.173481302080224609e+00 1.288106589954986392e+00 1.324842043124727919e-01
2.218295349545796658e+00 5.114975913147397080e-01 3.577088723530925940e-02
