# r_bins corr_mean corr_std corr_sem
2.240702373278582321e-02 0.000000000000000000e+00 0.000000000000000000e+00
6.722107119835746269e-02 0.000000000000000000e+00 0.000000000000000000e+00
1.120351186639291091e-01 0.000000000000000000e+00 0.000000000000000000e+00
1.568491661295007555e-01 0.000000000000000000e+00 0.000000000000000000e+00
2.016632135950724158e-01 0.000000000000000000e+00 0.000000000000000000e+00
2.464772610606440484e-01 0.000000000000000000e+00 0.000000000000000000e+00
2.912913085262156532e-01 0.000000000000000000e+00 0.000000000000000000e+00
3.361053559917873690e-01 0.000000000000000000e+00 0.000000000000000000e+00
3.809194034573589738e-01 0.000000000000000000e+00 0.000000000000000000e+00
4.257334509229306896e-01 0.000000000000000000e+00 0.000000000000000000e+00
4.705474983885022944e-01 0.000000000000000000e+00 0.000000000000000000e+00
5.153615458540738992e-01 0.000000000000000000e+00 0.000000000000000000e+00
5.601755933196455040e-01 0.000000000000000000e+00 0.000000000000000000e+00
6.049896407852172198e-01 0.000000000000000000e+00 0.000000000000000000e+00
6.498036882507889356e-01 0.000000000000000000e+00 0.000000000000000000e+00
6.946177357163605404e-01 0.000000000000000000e+00 0.000000000000000000e+00
7.394317831819321452e-01 0.000000000000000000e+00 0.000000000000000000e+00
7.842458306475037499e-01 0.000000000000000000e+00 0.000000000000000000e+00
8.290598781130754658e-01 0.000000000000000000e+00 0.000000000000000000e+00
8.738739255786471816e-01 0.000000000000000000e+00 0.000000000000000000e+00
9.186879730442187864e-01 0.000000000000000000e+00 0.000000000000000000e+00
9.635020205097903911e-01 1.221573310143923230e+00 1.474751072984111788e-01
1.008316067975361996e+00 7.862223855246211812e+00 5.771036473963206404e-02
1.053130115440933601e+00 1.391589274646414864e+01 3.526889651358264960e-02
1.097944162906505206e+00 7.181658788439406749e+00 4.867283989910690251e-02
1.142758210372077032e+00 1.715604815098743963e+00 1.497673825422979506e-02
1.187572257837648637e+00 2.353434396884001856e-01 8.320647105571750413e-02
1.232386305303220242e+00 3.642312518373092001e-02 2.575503880942264789e-02
1.277200352768791847e+00 0.000000000000000000e+00 0.000000000000000000e+00
1.322014400234363674e+00 0.000000000000000000e+00 0.000000000000000000e+00
1.366828447699935278e+00 1.036360757545689432e-01 1.046882456308835009e-02
1.411642495165506883e+00 8.050437532735688073e-01 9.814687880889833016e-02
1.456456542631078488e+00 2.307911455798713263e+00 4.609999550207305452e-02
1.501270590096650093e+00 2.773520776549079692e+00 3.471106812140946352e-02
1.546084637562221697e+00 1.608382016554217309e+00 2.454599634483415824e-02
1.590898685027793524e+00 3.824933920677950905e-01 7.727533465433795642e-03
1.635712732493365129e+00 6.202662057465904710e-02 2.923962934828429339e-02
1.680526779958936734e+00 8.814396294462882586e-02 3.462621884377933834e-02
1.725340827424508339e+00 7.526206989495420885e-01 1.971048888476226169e-02
1.770154874890080166e+00 3.901581439425365616e+00 8.738390430852825685e-02
1.814968922355651770e+00 7.699666020826152035e+00 1.603065687212005264e-01
1.859782969821223375e+00 6.165535221939759225e+00 8.481890593537180778e-02
1.904597017286794980e+00 2.394221830848914045e+00 9.704926388740910126e-02
1.949411064752366585e+00 4.075886779048762953e-01 0.000000000000000000e+00
1.994225112217938189e+00 1.460534671945781238e-01 2.458938025454598941e-02
2.039039159683509794e+00 9.912337337542035387e-01 4.233673056312833166e-02
2.083853207149081399e+00 2.598764082654683172e+00 9.007861301711685836e-03
2.128667254614653004e+00 2.728556193646058947e+00 4.316287667507027331e-03
2.173481302080224609e+00 1.299816649863668072e+00 2.484078830858861553e-02
2.218295349545796658e+00 3.372511591086195804e-01 7.949086052290934776e-03
