# r_bins corr_mean corr_std
2.240702373278582321e-02 0.000000000000000000e+00 0.000000000000000000e+00
6.722107119835746269e-02 0.000000000000000000e+00 0.000000000000000000e+00
1.120351186639291091e-01 0.000000000000000000e+00 0.000000000000000000e+00
1.568491661295007555e-01 0.000000000000000000e+00 0.000000000000000000e+00
2.016632135950724158e-01 0.000000000000000000e+00 0.000000000000000000e+00
2.464772610606440484e-01 0.000000000000000000e+00 0.000000000000000000e+00
2.912913085262156532e-01 0.000000000000000000e+00 0.000000000000000000e+00
3.361053559917873690e-01 0.000000000000000000e+00 0.000000000000000000e+00
3.809194034573589738e-01 0.000000000000000000e+00 0.000000000000000000e+00
4.257334509229306896e-01 0.000000000000000000e+00 0.000000000000000000e+00
4.705474983885022944e-01 0.000000000000000000e+00 0.000000000000000000e+00
5.153615458540738992e-01 0.000000000000000000e+00 0.000000000000000000e+00
5.601755933196455040e-01 0.000000000000000000e+00 0.000000000000000000e+00
6.049896407852172198e-01 0.000000000000000000e+00 0.000000000000000000e+00
6.498036882507889356e-01 0.000000000000000000e+00 0.000000000000000000e+00
6.946177357163605404e-01 0.000000000000000000e+00 0.000000000000000000e+00
7.394317831819321452e-01 0.000000000000000000e+00 0.000000000000000000e+00
7.842458306475037499e-01 0.000000000000000000e+00 0.000000000000000000e+00
8.290598781130754658e-01 0.000000000000000000e+00 0.000000000000000000e+00
8.738739255786471816e-01 0.000000000000000000e+00 0.000000000000000000e+00
9.186879730442187864e-01 1.310885826065270876e-02 8.290769925595155992e-03
9.635020205097903911e-01 1.167943262381506919e+00 8.765855403788178069e-02
1.008316067975361996e+00 8.041776372355640135e+00 1.318919992576046696e-01
1.053130115440933601e+00 1.354180960811833856e+01 1.944912563939589223e-01
1.097944162906505206e+00 7.346859885170280435e+00 1.279066092509154040e-01
1.142758210372077032e+00 1.787617856720172593e+00 3.482856501038655850e-02
1.187572257837648637e+00 2.392658303498735040e-01 3.571314618947170338e-02
1.232386305303220242e+00 1.821156259186546000e-02 5.759001754101430309e-03
1.277200352768791847e+00 3.391195865829056081e-03 3.217170878329976124e-03
1.322014400234363674e+00 3.165181088215628102e-02 8.952484044642746233e-03
1.366828447699935278e+00 1.954280285657585547e-01 1.736689332726065738e-02
1.411642495165506883e+00 9.910366204091862752e-01 6.379396125593254918e-02
1.456456542631078488e+00 2.125364786978476417e+00 4.414059523607416491e-02
1.501270590096650093e+00 2.444625392427330901e+00 7.518773111090575056e-02
1.546084637562221697e+00 1.599125141638797043e+00 2.898784135098479361e-02
1.590898685027793524e+00 5.398621019471165905e-01 3.152985170520276187e-02
1.635712732493365129e+00 1.157830250726968879e-01 1.176872379473908013e-02
1.680526779958936734e+00 1.018552460693488565e-01 1.168705418739293331e-02
1.725340827424508339e+00 9.217280658740071297e-01 4.367651418070690739e-02
1.770154874890080166e+00 3.956309504865268334e+00 7.869305537446256993e-02
1.814968922355651770e+00 7.318461181845227870e+00 1.631929298312081722e-01
1.859782969821223375e+00 6.293484072200508095e+00 9.121264577092884351e-02
1.904597017286794980e+00 2.377447028212392954e+00 4.915317853994619068e-02
1.949411064752366585e+00 4.323351333491008974e-01 4.055299386414559781e-02
1.994225112217938189e+00 2.517683577354156155e-01 2.058000391083744315e-02
2.039039159683509794e+00 1.113641121009756318e+00 3.022642123345176818e-02
2.083853207149081399e+00 2.394939448720982078e+00 3.594125371318455248e-02
2.128667254614653004e+00 2.558860752519972692e+00 5.873197228824738464e-02
2.173481302080224609e+00 1.363050973370549146e+00 3.777107006542664014e-02
2.218295349545796658e+00 5.294843198005326768e-01 3.535154384467124183e-02
