# r_bins corr_mean corr_std
2.240702373278582321e-02 0.000000000000000000e+00 0.000000000000000000e+00
6.722107119835746269e-02 0.000000000000000000e+00 0.000000000000000000e+00
1.120351186639291091e-01 0.000000000000000000e+00 0.000000000000000000e+00
1.568491661295007555e-01 0.000000000000000000e+00 0.000000000000000000e+00
2.016632135950724158e-01 0.000000000000000000e+00 0.000000000000000000e+00
2.464772610606440484e-01 0.000000000000000000e+00 0.000000000000000000e+00
2.912913085262156532e-01 0.000000000000000000e+00 0.000000000000000000e+00
3.361053559917873690e-01 0.000000000000000000e+00 0.000000000000000000e+00
3.809194034573589738e-01 0.000000000000000000e+00 0.000000000000000000e+00
4.257334509229306896e-01 0.000000000000000000e+00 0.000000000000000000e+00
4.705474983885022944e-01 0.000000000000000000e+00 0.000000000000000000e+00
5.153615458540738992e-01 0.000000000000000000e+00 0.000000000000000000e+00
5.601755933196455040e-01 0.000000000000000000e+00 0.000000000000000000e+00
6.049896407852172198e-01 0.000000000000000000e+00 0.000000000000000000e+00
6.498036882507889356e-01 0.000000000000000000e+00 0.000000000000000000e+00
6.946177357163605404e-01 0.000000000000000000e+00 0.000000000000000000e+00
7.394317831819321452e-01 0.000000000000000000e+00 0.000000000000000000e+00
7.842458306475037499e-01 0.000000000000000000e+00 0.000000000000000000e+00
8.290598781130754658e-01 0.000000000000000000e+00 0.000000000000000000e+00
8.738739255786471816e-01 0.000000000000000000e+00 0.000000000000000000e+00
9.186879730442187864e-01 0.000000000000000000e+00 0.000000000000000000e+00
9.635020205097903911e-01 7.150673034988818122e-01 0.000000000000000000e+00
1.008316067975361996e+00 8.324707611437164090e+00 0.000000000000000000e+00
1.053130115440933601e+00 1.396577049824358951e+01 0.000000000000000000e+00
1.097944162906505206e+00 7.479938546425707990e+00 0.000000000000000000e+00
1.142758210372077032e+00 1.567342670584037645e+00 0.000000000000000000e+00
1.187572257837648637e+00 1.176717198442000928e-01 0.000000000000000000e+00
1.232386305303220242e+00 0.000000000000000000e+00 0.000000000000000000e+00
1.277200352768791847e+00 0.000000000000000000e+00 0.000000000000000000e+00
1.322014400234363674e+00 0.000000000000000000e+00 0.000000000000000000e+00
1.366828447699935278e+00 1.184412294337930799e-01 0.000000000000000000e+00
1.411642495165506883e+00 8.328038826967952835e-01 0.000000000000000000e+00
1.456456542631078488e+00 2.164481930297098344e+00 0.000000000000000000e+00
1.501270590096650093e+00 2.896242934803463953e+00 0.000000000000000000e+00
1.546084637562221697e+00 1.666237484775591859e+00 0.000000000000000000e+00
1.590898685027793524e+00 3.059947136542360835e-01 0.000000000000000000e+00
1.635712732493365129e+00 4.135108038310603140e-02 0.000000000000000000e+00
1.680526779958936734e+00 3.917509464205725517e-02 0.000000000000000000e+00
1.725340827424508339e+00 6.689961768440373380e-01 0.000000000000000000e+00
1.770154874890080166e+00 3.601459790238799030e+00 0.000000000000000000e+00
1.814968922355651770e+00 8.262237038705489311e+00 0.000000000000000000e+00
1.859782969821223375e+00 6.445423331885144158e+00 0.000000000000000000e+00
1.904597017286794980e+00 2.134974881011770353e+00 0.000000000000000000e+00
1.949411064752366585e+00 2.765780314354517322e-01 0.000000000000000000e+00
1.994225112217938189e+00 6.954927009265625404e-02 0.000000000000000000e+00
2.039039159683509794e+00 1.224073872555526687e+00 0.000000000000000000e+00
2.083853207149081399e+00 2.586025043033826520e+00 0.000000000000000000e+00
2.128667254614653004e+00 2.453869328513905490e+00 0.000000000000000000e+00
2.173481302080224609e+00 1.393497129133121737e+00 0.000000000000000000e+00
2.218295349545796658e+00 3.934596856267227882e-01 0.000000000000000000e+00
